Name    	Translation		Rotation
machine1	(1.5 -0.5 -0.041)	(1 0 0 0)
machine2	(1.5 2.5 -0.041)	(0 0 1 1.57)
machine3	(1.5 -2.5 -0.041)	(0 0 1 1.57)
machine4	(4.5 -2.5 -0.041)	(0 0 1 1.57)
machine5	(4.5 0.5 -0.041)	(1 0 0 0)
machine6	(1.5 1.5 -0.041)	(0 0 1 1.57)
machine7	(5.5 -0.5 -0.041)	(1 0 0 0)
machine8	(-1.5 -0.5 -0.041)	(1 0 0 0)
machine9	(-1.5 2.5 -0.041)	(0 0 1 1.57)
machine10	(-1.5 -2.5 -0.041)	(0 0 1 1.57)
machine11	(-4.5 -2.5 -0.041)	(0 0 1 1.57)
machine12	(-4.5 0.5 -0.041)	(0 0 1 1.57)
machine13	(-1.5 1.5 -0.041)	(0 0 1 1.57)
machine14	(5.5 -0.5 -0.041)	(1 0 0 0)
